# Created by Octave 4.2.1, Wed Aug 22 17:05:26 2018 -03 <fernando@fernando-Inspiron-5547>
# name: STD
# type: cell
# rows: 1
# columns: 3
# name: <cell-element>
# type: scalar
13.19709024638808



# name: <cell-element>
# type: scalar
26.9486575047602



# name: <cell-element>
# type: scalar
4.254639866074911





