# Created by Octave 4.0.2, Thu Feb 09 16:54:47 2017 BRST <fernando@fernando-Inspiron-5547>
# name: AVD
# type: cell
# rows: 1
# columns: 3
# name: <cell-element>
# type: scalar
10.06086614173242



# name: <cell-element>
# type: scalar
21.40003937007875



# name: <cell-element>
# type: scalar
3.698543307086614





